'((13 10 14 13 2 1 12 15 13 7)
(11 4 8 11 13 13 12 0 13 15)
(13 1 11 12 4 12 12 13 8 14)
(13 12 0 11 11 6 14 12 13 8)
(11 12 12 16 12 12 4 13 8 0)
(3 13 9 14 10 14 11 2 12 12)
(12 8 12 11 13 2 13 12 13 4)
(9 13 11 14 12 14 2 12 10 3)
(13 1 12 5 17 3 14 13 11 11)
(13 1 11 9 7 12 12 12 11 12)
(11 14 11 12 5 0 14 10 9 14)
(11 11 5 2 10 13 12 13 12 11)
(11 10 11 6 12 1 13 13 13 10)
(10 3 11 13 13 3 13 12 9 13)
(12 12 9 5 13 12 11 13 2 11)
(6 13 12 11 10 10 13 11 1 13)
(1 11 9 11 14 11 11 11 10 11)
(8 4 12 12 2 14 13 10 13 12)
(13 11 4 12 13 3 12 10 11 11)
(9 13 11 5 1 15 12 11 12 11)
(13 10 11 11 13 11 13 10 1 7)
(12 11 12 8 10 13 1 4 14 15)
(12 13 10 9 11 12 10 1 13 9)
(13 8 0 12 13 5 9 15 11 14)
(10 10 9 11 10 13 11 12 13 1)
(13 11 9 13 10 10 9 12 1 12)
(10 13 13 10 11 7 10 12 13 1)
(7 0 12 11 13 16 12 6 12 11)
(10 2 11 11 11 11 12 12 11 9)
(11 11 10 15 1 12 6 11 12 11)
(12 12 14 8 11 2 5 12 12 12)
(4 10 11 3 11 12 14 12 12 11)
(12 10 15 13 4 10 11 12 2 11)
(13 2 12 11 13 10 9 13 12 5)
(15 11 12 8 12 2 12 11 4 13)
(12 4 9 10 14 1 15 9 13 13)
(12 4 14 12 13 3 12 11 7 12)
(14 12 9 11 9 10 10 12 1 12)
(10 12 14 13 11 11 9 13 1 6)
(14 12 1 11 10 12 10 8 12 10)
(12 11 10 10 13 2 5 12 11 14)
(11 12 9 3 2 13 16 10 13 11)
(12 8 2 11 11 12 11 11 12 10)
(13 5 12 12 11 11 11 10 3 12)
(11 9 13 10 10 10 15 10 0 12)
(12 10 12 1 8 11 11 12 9 14)
(10 1 10 11 12 8 13 14 11 10)
(11 12 5 4 16 12 2 13 14 11)
(11 11 12 2 13 11 11 10 6 13)
(14 13 10 9 11 11 12 1 9 10)
(13 14 8 1 8 12 5 14 13 12)
(13 10 13 13 11 9 4 12 3 12)
(11 1 11 10 11 8 14 9 13 12)
(1 9 11 10 7 11 12 12 13 14)
(11 12 12 2 8 12 11 11 9 12)
(2 12 11 9 10 13 12 13 6 12)
(12 11 8 10 2 11 12 10 13 11)
(12 10 9 12 11 10 2 12 10 12)
(13 9 11 10 11 1 10 11 14 10)
(12 3 12 12 5 11 5 14 14 12)
(14 13 12 1 12 10 7 6 11 14)
(12 3 7 12 11 3 15 14 11 12)
(11 12 13 3 11 11 4 14 9 12)
(10 13 12 11 2 8 10 11 12 11)
(14 13 10 11 10 1 9 12 9 11)
(11 10 11 11 2 13 12 11 8 11)
(12 14 12 9 13 8 11 8 1 12)
(8 13 1 11 8 11 12 12 14 10)
(12 4 12 10 10 12 14 13 10 3)
(11 10 10 2 12 10 13 11 10 11)
(9 8 15 1 13 13 11 5 12 13)
(10 12 11 12 15 1 7 11 10 11)
(13 12 12 3 5 7 12 11 13 12)
(12 6 12 2 14 12 11 10 11 10)
(9 12 8 9 2 12 12 12 12 12)
(10 13 9 11 2 10 12 12 10 11)
(8 11 8 10 1 13 10 13 13 13)
(11 11 10 11 13 7 12 10 2 13)
(14 14 11 6 13 9 1 10 11 11)
(15 10 8 13 14 5 12 11 1 11)
(9 13 2 11 13 12 5 9 12 14)
(9 12 9 12 3 11 15 13 13 3)
(4 12 13 10 13 14 4 5 13 12)
(6 4 11 14 14 11 11 3 13 13)
(10 9 12 9 12 13 14 10 10 1)
(13 3 9 14 11 13 10 4 12 11)
(2 12 15 12 14 12 7 4 9 13)
(12 12 9 13 12 11 2 10 8 11)
(12 13 10 6 13 13 2 12 8 11)
(4 14 12 12 13 13 10 11 3 8)
(12 13 3 10 11 13 13 4 7 14)
(12 3 13 11 9 11 14 10 13 4)
(5 13 3 14 12 10 11 4 14 14)
(14 10 11 11 14 12 4 3 10 11)
(11 13 10 6 14 11 12 10 2 11)
(10 7 12 12 13 10 11 2 10 13)
(13 13 13 6 2 12 13 11 10 7)
(12 1 10 10 13 10 5 10 14 15)
(12 11 8 10 8 12 12 12 2 13)
(12 12 12 14 3 11 7 12 12 5))